+--------------+--------+--------+-----------+----------+----------+-------------+--------------+-----------+----------------+----------------+---------------+---------+
|  mechanism   |   N    | rounds | total_allo|erp_event |sfg_event | failed_deduc|  util_cpu%   | alloc_jain|   token_jain   |   starv_rate   |   max_hunger  | audit_ok|
+--------------+--------+--------+-----------+----------+----------+-------------+--------------+-----------+----------------+----------------+---------------+---------+
|    Auctus    |   10   |  288   |    1152   |    0     |    25    |      0      |    18.47     |   0.3860  |     0.9544     |     0.5667     |      438      |   True  |
|     FCFS     |   10   |  288   |    1152   |    0     |    0     |      0      |     0.00     |   0.1000  |     1.0000     |     0.0000     |       0       |   True  |
|    Random    |   10   |  288   |    1152   |    0     |    0     |      0      |     0.00     |   0.9683  |     1.0000     |     0.0000     |       44      |   True  |
|  RoundRobin  |   10   |  288   |    1152   |    0     |    0     |      0      |     0.00     |   0.9998  |     1.0000     |     0.0000     |       36      |   True  |
|    Auctus    |   20   |  288   |    1152   |    0     |    25    |      0      |    20.08     |   0.2913  |     0.9867     |     0.6898     |      467      |   True  |
|     FCFS     |   20   |  288   |    1152   |    0     |    0     |      0      |     0.00     |   0.0500  |     1.0000     |     0.0000     |       0       |   True  |
|    Random    |   20   |  288   |    1152   |    0     |    0     |      0      |     0.00     |   0.9175  |     1.0000     |     0.0000     |       50      |   True  |
|  RoundRobin  |   20   |  288   |    1152   |    0     |    0     |      0      |     0.00     |   0.9988  |     1.0000     |     0.0000     |       76      |   True  |
+--------------+--------+--------+-----------+----------+----------+-------------+--------------+-----------+----------------+----------------+---------------+---------+
